10 243 38
2 249 13
31 191 6
217 168 240
21 8 199
231 24 0
112 224 35
255 255 255
27 253 28
244 35 9
31 251 15
30 250 48
22 193 132
36 0 209
255 255 255
249 9 26
65 198 1
255 255 255
153 152 11
57 16 135
18 128 60
149 243 195
72 184 204
136 121 252
28 168 18
255 255 255
26 138 194
179 3 101
255 255 255
197 104 218
235 253 233
111 171 4
228 171 92
28 220 108
244 14 45
48 242 14
240 5 2
179 23 17
58 248 32
36 102 56
1 171 90
255 255 255
252 168 166
250 71 45
86 126 246
187 246 220
194 227 115
125 14 68
223 245 188
58 65 252
8 8 253
96 17 92
234 136 68
236 2 31
240 30 77
66 169 2
235 45 107
186 222 245
253 24 24
246 236 211
17 28 170
169 54 4
30 14 172
255 255 255
82 158 230
236 212 247
240 177 223
183 176 45
244 126 172
255 255 255
253 189 195
114 242 165
176 128 244
84 253 79
235 106 45
255 255 255
78 92 252
44 187 171
189 207 82
251 47 31
177 248 141
190 83 2
136 1 99
255 255 255
56 226 6
18 232 72
244 215 175
11 253 17
15 0 243
188 116 11
114 251 132
141 235 74
56 64 70
6 46 170
169 160 253
9 241 0
70 2 202
250 16 5
156 16 40
16 144 51
7 15 211
9 160 142
219 6 65
213 214 253
255 255 255
87 131 5
145 203 38
123 89 248
2 179 52
255 255 255
196 158 247
157 3 70
251 32 49
42 108 232
153 222 228
165 98 235
208 239 155
255 255 255
2 125 147
11 23 251
12 102 96
235 247 250
251 3 10
220 83 14
0 41 204
223 121 205
90 84 24
238 229 252
9 206 16
46 2 185
0 69 188
209 22 112
200 73 189
5 57 224
210 8 83
85 22 228
39 44 113
43 21 248
255 255 255
11 23 190
1 94 156
188 32 155
12 39 244
61 105 30
252 228 238
0 137 109
255 255 255
182 186 253
255 255 255
255 255 255
240 152 205
253 121 128
255 255 255
161 6 129
148 41 19
209 31 1
151 245 107
133 75 8
255 255 255
0 238 21
21 214 3
29 238 2
0 28 224
24 15 252
228 89 170
38 216 0
64 246 106
245 80 124
137 190 241
224 8 7
178 5 45
1 1 252
88 217 15
4 202 77
249 242 251
130 154 250
122 25 205
250 250 243
157 102 0
187 253 186
239 57 15
251 154 131
209 140 232
20 73 108
244 97 146
67 227 148
16 157 39
219 53 144
135 8 162
206 139 36
2 5 242
0 18 237
233 10 57
128 30 43
217 252 220
6 133 79
52 5 226
105 55 241
123 114 1
91 44 57
10 186 27
116 0 138
66 27 105
48 250 70
253 55 65
216 1 24
88 4 131
0 243 5
255 255 255
203 196 253
159 64 218
232 202 134
16 251 5
32 3 237
47 141 19
89 1 175
236 85 29
255 255 255
106 216 200
14 228 2
200 0 44
250 69 98
255 255 255
151 253 152
250 252 251
105 253 104
2 252 1
1 226 37
10 61 144
253 84 76
252 2 1
222 1 42
1 204 32
215 238 247
12 91 211
255 255 255
56 38 250
1 211 51
229 191 243
54 7 159
222 54 3
14 2 226
161 34 184
201 12 15
251 114 94
27 62 245
108 245 63
76 249 50
29 32 145
186 0 72
114 55 28
2 225 13
251 208 222
197 55 0
251 244 232
238 0 16
